0.295921,0.220221,0.19028,0.119792,0.173785,0
0.340074,0.22293,0.18411,0.0951993,0.157687,0.005
0.350276,0.221346,0.185095,0.0895522,0.153731,0.01
0.348152,0.218774,0.189094,0.0896277,0.154352,0.015
0.341667,0.215837,0.194097,0.0917593,0.156639,0.02
0.333733,0.212753,0.199291,0.0947087,0.159514,0.025
0.325412,0.209626,0.204365,0.0980219,0.162576,0.03
0.31709,0.206504,0.209203,0.101525,0.165677,0.035
0.308905,0.203412,0.21377,0.105149,0.168763,0.04
0.300904,0.200359,0.218058,0.108865,0.171815,0.045
0.293099,0.197348,0.222069,0.112658,0.174825,0.05
0.285494,0.194382,0.225813,0.11652,0.177791,0.055
0.278084,0.19146,0.229298,0.120445,0.180714,0.06
0.270866,0.188581,0.232532,0.124428,0.183592,0.065
0.263835,0.185746,0.235526,0.128466,0.186428,0.07
0.256987,0.182953,0.238287,0.132553,0.189221,0.075
0.250316,0.180202,0.240825,0.136685,0.191972,0.08
0.243819,0.177492,0.243148,0.14086,0.194681,0.085
0.23749,0.174824,0.245264,0.145073,0.19735,0.09
0.231325,0.172195,0.247181,0.14932,0.199978,0.095
0.225321,0.169606,0.248907,0.153599,0.202567,0.1
0.219472,0.167056,0.250448,0.157906,0.205118,0.105
0.213775,0.164544,0.251813,0.162239,0.207629,0.11
0.208226,0.16207,0.253008,0.166593,0.210104,0.115
0.202821,0.159633,0.254039,0.170967,0.21254,0.12
0.197556,0.157233,0.254914,0.175356,0.214941,0.125
0.192428,0.154869,0.255638,0.17976,0.217305,0.13
0.187434,0.15254,0.256218,0.184175,0.219633,0.135
0.182568,0.150247,0.256659,0.188599,0.221927,0.14
0.177829,0.147988,0.256968,0.193029,0.224186,0.145
0.173213,0.145762,0.25715,0.197464,0.226411,0.15
0.168717,0.143571,0.257209,0.2019,0.228603,0.155
0.164338,0.141412,0.257152,0.206337,0.230761,0.16
0.160072,0.139286,0.256983,0.210771,0.232888,0.165
0.155917,0.137192,0.256708,0.215202,0.234982,0.17
0.15187,0.135129,0.25633,0.219627,0.237045,0.175
0.147928,0.133097,0.255854,0.224045,0.239076,0.18
0.144088,0.131096,0.255285,0.228453,0.241078,0.185
0.140348,0.129125,0.254627,0.232852,0.243049,0.19
0.136705,0.127183,0.253884,0.237238,0.24499,0.195
0.133156,0.125271,0.25306,0.24161,0.246903,0.2
0.1297,0.123387,0.252159,0.245968,0.248786,0.205
0.126333,0.121532,0.251184,0.250309,0.250641,0.21
0.123054,0.119705,0.250139,0.254633,0.252469,0.215
0.11986,0.117905,0.249028,0.258939,0.254269,0.22
0.116749,0.116132,0.247854,0.263224,0.256041,0.225
0.113718,0.114386,0.246619,0.267489,0.257788,0.23
0.110766,0.112666,0.245328,0.271732,0.259507,0.235
0.107891,0.110972,0.243983,0.275953,0.261201,0.24
0.105091,0.109303,0.242586,0.280149,0.26287,0.245
0.102363,0.10766,0.241142,0.284322,0.264513,0.25
0.0997058,0.106041,0.239652,0.288469,0.266132,0.255
0.0971178,0.104447,0.238119,0.292589,0.267727,0.26
0.0945969,0.102876,0.236546,0.296683,0.269297,0.265
0.0921414,0.10133,0.234935,0.30075,0.270844,0.27
0.0897497,0.099806,0.233288,0.304788,0.272367,0.275
0.08742,0.0983053,0.231608,0.308798,0.273868,0.28
0.0851508,0.0968272,0.229897,0.312779,0.275346,0.285
0.0829406,0.0953713,0.228156,0.31673,0.276802,0.29
0.0807877,0.0939373,0.226389,0.32065,0.278236,0.295
0.0786906,0.0925249,0.224596,0.32454,0.279649,0.3
0.0766481,0.0911337,0.22278,0.328398,0.28104,0.305
0.0746585,0.0897634,0.220942,0.332226,0.28241,0.31
0.0727206,0.0884138,0.219085,0.336021,0.28376,0.315
0.0708329,0.0870844,0.21721,0.339784,0.285089,0.32
0.0689943,0.085775,0.215318,0.343514,0.286398,0.325
0.0672034,0.0844853,0.213411,0.347212,0.287688,0.33
0.065459,0.083215,0.21149,0.350877,0.288958,0.335
0.0637599,0.0819638,0.209558,0.354509,0.29021,0.34
0.0621049,0.0807314,0.207615,0.358107,0.291442,0.345
0.0604928,0.0795176,0.205662,0.361671,0.292656,0.35
0.0589226,0.0783219,0.203702,0.365202,0.293851,0.355
0.0573931,0.0771443,0.201734,0.368699,0.295029,0.36
0.0559033,0.0759844,0.199761,0.372162,0.296189,0.365
0.0544523,0.0748419,0.197784,0.375591,0.297332,0.37
0.0530388,0.0737166,0.195802,0.378985,0.298457,0.375
0.0516621,0.0726082,0.193819,0.382346,0.299565,0.38
0.0503211,0.0715165,0.191833,0.385672,0.300657,0.385
0.0490149,0.0704412,0.189848,0.388964,0.301732,0.39
0.0477426,0.069382,0.187862,0.392222,0.302791,0.395
0.0465033,0.0683388,0.185878,0.395445,0.303835,0.4
0.0452963,0.0673113,0.183896,0.398635,0.304862,0.405
0.0441205,0.0662992,0.181916,0.40179,0.305874,0.41
0.0429752,0.0653023,0.17994,0.404911,0.306871,0.415
0.0418597,0.0643205,0.177969,0.407998,0.307853,0.42
0.0407732,0.0633534,0.176003,0.411051,0.30882,0.425
0.0397148,0.0624008,0.174042,0.41407,0.309773,0.43
0.0386839,0.0614625,0.172087,0.417055,0.310711,0.435
0.0376798,0.0605384,0.17014,0.420007,0.311635,0.44
0.0367017,0.0596282,0.1682,0.422925,0.312545,0.445
0.0357491,0.0587316,0.166268,0.42581,0.313442,0.45
0.0348211,0.0578485,0.164344,0.428661,0.314325,0.455
0.0339173,0.0569787,0.162429,0.43148,0.315195,0.46
0.0330369,0.056122,0.160524,0.434265,0.316051,0.465
0.0321793,0.0552782,0.158629,0.437018,0.316895,0.47
0.031344,0.054447,0.156744,0.439738,0.317726,0.475
0.0305304,0.0536284,0.15487,0.442426,0.318545,0.48
0.029738,0.052822,0.153007,0.445081,0.319351,0.485
0.028966,0.0520278,0.151156,0.447705,0.320146,0.49
0.0282142,0.0512455,0.149316,0.450296,0.320928,0.495
0.0274818,0.050475,0.147489,0.452856,0.321698,0.5
0.0267685,0.0497161,0.145674,0.455385,0.322457,0.505
0.0260736,0.0489685,0.143871,0.457882,0.323205,0.51
0.0253968,0.0482322,0.142082,0.460348,0.323941,0.515
0.0247376,0.047507,0.140305,0.462784,0.324666,0.52
0.0240955,0.0467927,0.138542,0.465189,0.325381,0.525
0.02347,0.0460892,0.136793,0.467564,0.326084,0.53
0.0228608,0.0453962,0.135058,0.469908,0.326777,0.535
0.0222674,0.0447136,0.133336,0.472223,0.32746,0.54
0.0216894,0.0440413,0.131629,0.474508,0.328132,0.545
0.0211264,0.0433791,0.129936,0.476764,0.328794,0.55
0.020578,0.0427269,0.128257,0.478991,0.329447,0.555
0.0200439,0.0420844,0.126593,0.481189,0.330089,0.56
0.0195236,0.0414517,0.124944,0.483359,0.330722,0.565
0.0190168,0.0408284,0.12331,0.4855,0.331345,0.57
0.0185232,0.0402145,0.12169,0.487613,0.331959,0.575
0.0180424,0.0396099,0.120086,0.489698,0.332564,0.58
0.0175741,0.0390143,0.118496,0.491756,0.333159,0.585
0.0171179,0.0384277,0.116922,0.493787,0.333746,0.59
0.0166736,0.0378499,0.115363,0.49579,0.334324,0.595
0.0162408,0.0372808,0.113819,0.497767,0.334893,0.6
0.0158192,0.0367202,0.112291,0.499717,0.335453,0.605
0.0154086,0.0361681,0.110777,0.501641,0.336005,0.61
0.0150086,0.0356243,0.109279,0.503539,0.336549,0.615
0.014619,0.0350887,0.107797,0.505411,0.337085,0.62
0.0142396,0.0345611,0.106329,0.507258,0.337612,0.625
0.0138699,0.0340414,0.104877,0.509079,0.338132,0.63
0.0135099,0.0335296,0.10344,0.510876,0.338644,0.635
0.0131592,0.0330254,0.102019,0.512648,0.339148,0.64
0.0128177,0.0325289,0.100613,0.514396,0.339645,0.645
0.012485,0.0320398,0.0992221,0.516119,0.340134,0.65
0.0121609,0.031558,0.0978465,0.517819,0.340615,0.655
0.0118452,0.0310835,0.0964861,0.519495,0.34109,0.66
0.0115378,0.0306162,0.0951408,0.521148,0.341557,0.665
0.0112383,0.0301558,0.0938106,0.522778,0.342018,0.67
0.0109465,0.0297024,0.0924954,0.524385,0.342471,0.675
0.0106624,0.0292558,0.0911953,0.525969,0.342918,0.68
0.0103856,0.0288159,0.08991,0.527531,0.343358,0.685
0.0101161,0.0283826,0.0886396,0.529071,0.343791,0.69
0.00985348,0.0279559,0.087384,0.530589,0.344218,0.695
0.00959771,0.0275355,0.0861431,0.532086,0.344638,0.7
0.00934858,0.0271215,0.0849169,0.533561,0.345052,0.705
0.00910592,0.0267137,0.0837052,0.535015,0.34546,0.71
0.00886955,0.0263121,0.082508,0.536449,0.345861,0.715
0.00863932,0.0259164,0.0813252,0.537862,0.346257,0.72
0.00841507,0.0255268,0.0801567,0.539255,0.346647,0.725
0.00819664,0.025143,0.0790024,0.540628,0.34703,0.73
0.00798388,0.0247649,0.0778622,0.54198,0.347409,0.735
0.00777664,0.0243926,0.0767361,0.543314,0.347781,0.74
0.00757478,0.0240258,0.0756238,0.544628,0.348148,0.745
0.00737816,0.0236645,0.0745254,0.545923,0.348509,0.75
0.00718664,0.0233087,0.0734408,0.547199,0.348865,0.755
0.0070001,0.0229583,0.0723697,0.548457,0.349215,0.76
0.0068184,0.0226131,0.0713122,0.549696,0.34956,0.765
0.00664141,0.0222731,0.0702681,0.550917,0.3499,0.77
0.00646902,0.0219382,0.0692372,0.55212,0.350235,0.775
0.0063011,0.0216083,0.0682196,0.553306,0.350565,0.78
0.00613754,0.0212834,0.0672151,0.554474,0.35089,0.785
0.00597823,0.0209634,0.0662235,0.555625,0.35121,0.79
0.00582305,0.0206482,0.0652448,0.556759,0.351525,0.795
0.0056719,0.0203377,0.0642788,0.557876,0.351836,0.8
0.00552467,0.0200319,0.0633255,0.558976,0.352142,0.805
0.00538127,0.0197307,0.0623846,0.560061,0.352443,0.81
0.00524159,0.0194341,0.0614562,0.561129,0.352739,0.815
0.00510553,0.0191419,0.0605401,0.562181,0.353032,0.82
0.004973,0.0188541,0.0596361,0.563217,0.353319,0.825
0.00484392,0.0185706,0.0587442,0.564238,0.353603,0.83
0.00471819,0.0182913,0.0578642,0.565244,0.353882,0.835
0.00459571,0.0180163,0.056996,0.566235,0.354157,0.84
0.00447642,0.0177454,0.0561395,0.567211,0.354428,0.845
0.00436023,0.0174786,0.0552946,0.568172,0.354695,0.85
0.00424705,0.0172158,0.0544611,0.569118,0.354958,0.855
0.00413681,0.016957,0.053639,0.570051,0.355216,0.86
0.00402943,0.016702,0.0528282,0.570969,0.355471,0.865
0.00392483,0.0164509,0.0520284,0.571873,0.355723,0.87
0.00382296,0.0162035,0.0512396,0.572764,0.35597,0.875
0.00372372,0.0159599,0.0504617,0.573641,0.356214,0.88
0.00362707,0.0157199,0.0496945,0.574505,0.356454,0.885
0.00353292,0.0154835,0.0489379,0.575356,0.35669,0.89
0.00344121,0.0152507,0.0481919,0.576193,0.356923,0.895
0.00335189,0.0150214,0.0474563,0.577018,0.357152,0.9
0.00326488,0.0147956,0.0467309,0.577831,0.357378,0.905
0.00318014,0.0145731,0.0460158,0.578631,0.3576,0.91
0.00309759,0.014354,0.0453106,0.579418,0.357819,0.915
0.00301719,0.0141382,0.0446154,0.580194,0.358035,0.92
0.00293887,0.0139256,0.0439301,0.580958,0.358248,0.925
0.00286258,0.0137162,0.0432544,0.58171,0.358457,0.93
0.00278828,0.01351,0.0425883,0.58245,0.358663,0.935
0.0027159,0.0133068,0.0419317,0.583179,0.358867,0.94
0.00264541,0.0131068,0.0412845,0.583897,0.359067,0.945
0.00257674,0.0129097,0.0406465,0.584603,0.359264,0.95
0.00250985,0.0127156,0.0400177,0.585299,0.359458,0.955
0.0024447,0.0125244,0.0393979,0.585984,0.359649,0.96
0.00238125,0.0123361,0.038787,0.586658,0.359837,0.965
0.00231944,0.0121506,0.038185,0.587322,0.360023,0.97
0.00225923,0.0119679,0.0375916,0.587976,0.360206,0.975
0.00220059,0.011788,0.0370069,0.588619,0.360385,0.98
0.00214347,0.0116107,0.0364306,0.589253,0.360563,0.985
0.00208783,0.0114361,0.0358627,0.589876,0.360737,0.99
0.00203363,0.0112642,0.0353031,0.59049,0.360909,0.995
0.00198085,0.0110948,0.0347517,0.591094,0.361079,1
0.00192943,0.010928,0.0342083,0.591689,0.361245,1.005
0.00187935,0.0107637,0.033673,0.592274,0.36141,1.01
0.00183056,0.0106018,0.0331454,0.592851,0.361572,1.015
0.00178305,0.0104424,0.0326257,0.593418,0.361731,1.02
0.00173677,0.0102854,0.0321136,0.593976,0.361888,1.025
0.00169168,0.0101308,0.0316091,0.594526,0.362043,1.03
0.00164777,0.00997845,0.031112,0.595067,0.362195,1.035
0.001605,0.00982842,0.0306224,0.595599,0.362345,1.04
0.00156334,0.00968064,0.03014,0.596123,0.362493,1.045
0.00152276,0.00953508,0.0296647,0.596639,0.362638,1.05
0.00148323,0.00939171,0.0291966,0.597147,0.362782,1.055
0.00144473,0.0092505,0.0287354,0.597646,0.362923,1.06
0.00140723,0.00911141,0.0282812,0.598138,0.363062,1.065
0.0013707,0.00897442,0.0278337,0.598622,0.363199,1.07
0.00133512,0.00883948,0.027393,0.599098,0.363334,1.075
0.00130047,0.00870657,0.0269589,0.599567,0.363467,1.08
0.00126671,0.00857566,0.0265313,0.600029,0.363598,1.085
0.00123383,0.00844672,0.0261101,0.600483,0.363727,1.09
0.0012018,0.00831971,0.0256954,0.600929,0.363854,1.095
0.00117061,0.00819462,0.0252868,0.601369,0.363979,1.1
0.00114022,0.00807141,0.0248845,0.601802,0.364102,1.105
0.00111063,0.00795005,0.0244883,0.602228,0.364223,1.11
0.0010818,0.00783051,0.024098,0.602647,0.364343,1.115
0.00105372,0.00771277,0.0237138,0.603059,0.364461,1.12
0.00102637,0.00759681,0.0233353,0.603465,0.364577,1.125
0.000999724,0.00748258,0.0229627,0.603864,0.364691,1.13
0.000973774,0.00737007,0.0225957,0.604257,0.364803,1.135
0.000948498,0.00725926,0.0222343,0.604644,0.364914,1.14
0.000923878,0.00715011,0.0218785,0.605024,0.365023,1.145
0.000899896,0.0070426,0.0215281,0.605399,0.365131,1.15
0.000876538,0.00693671,0.021183,0.605767,0.365237,1.155
0.000853785,0.00683241,0.0208433,0.606129,0.365341,1.16
0.000831623,0.00672968,0.0205088,0.606486,0.365444,1.165
0.000810037,0.0066285,0.0201795,0.606837,0.365545,1.17
0.00078901,0.00652883,0.0198552,0.607182,0.365645,1.175
0.00076853,0.00643066,0.019536,0.607522,0.365743,1.18
0.000748581,0.00633397,0.0192216,0.607856,0.365839,1.185
0.00072915,0.00623874,0.0189122,0.608185,0.365935,1.19
0.000710223,0.00614493,0.0186075,0.608509,0.366029,1.195
0.000691788,0.00605254,0.0183075,0.608827,0.366121,1.2
0.000673831,0.00596153,0.0180122,0.60914,0.366212,1.205
0.00065634,0.0058719,0.0177215,0.609449,0.366302,1.21
0.000639304,0.00578361,0.0174354,0.609752,0.36639,1.215
0.000622709,0.00569665,0.0171536,0.61005,0.366477,1.22
0.000606545,0.00561099,0.0168763,0.610344,0.366562,1.225
0.000590801,0.00552663,0.0166033,0.610632,0.366647,1.23
0.000575466,0.00544353,0.0163345,0.610917,0.36673,1.235
0.000560528,0.00536168,0.01607,0.611196,0.366812,1.24
0.000545978,0.00528107,0.0158096,0.611471,0.366892,1.245
0.000531806,0.00520166,0.0155533,0.611742,0.366972,1.25
0.000518002,0.00512345,0.0153009,0.612008,0.36705,1.255
0.000504556,0.00504641,0.0150526,0.612269,0.367127,1.26
0.00049146,0.00497054,0.0148082,0.612527,0.367203,1.265
0.000478703,0.0048958,0.0145675,0.61278,0.367278,1.27
0.000466277,0.00482219,0.0143307,0.61303,0.367351,1.275
0.000454174,0.00474968,0.0140976,0.613275,0.367424,1.28
0.000442385,0.00467827,0.0138682,0.613516,0.367495,1.285
0.000430902,0.00460793,0.0136424,0.613753,0.367566,1.29
0.000419717,0.00453864,0.0134202,0.613987,0.367635,1.295
0.000408822,0.0044704,0.0132015,0.614216,0.367703,1.3
0.00039821,0.00440318,0.0129863,0.614442,0.36777,1.305
0.000387874,0.00433698,0.0127744,0.614664,0.367836,1.31
0.000377806,0.00427177,0.0125659,0.614883,0.367902,1.315
0.000367999,0.00420754,0.0123607,0.615098,0.367966,1.32
0.000358447,0.00414427,0.0121588,0.615309,0.368029,1.325
0.000349142,0.00408196,0.0119601,0.615517,0.368091,1.33
0.00034008,0.00402059,0.0117645,0.615722,0.368153,1.335
0.000331252,0.00396013,0.0115721,0.615923,0.368213,1.34
0.000322654,0.00390059,0.0113827,0.616121,0.368273,1.345
0.000314279,0.00384194,0.0111963,0.616316,0.368331,1.35
0.000306121,0.00378417,0.011013,0.616507,0.368389,1.355
0.000298175,0.00372728,0.0108325,0.616696,0.368446,1.36
0.000290435,0.00367123,0.0106549,0.616881,0.368502,1.365
0.000282896,0.00361603,0.0104802,0.617064,0.368557,1.37
0.000275553,0.00356166,0.0103082,0.617243,0.368612,1.375
0.0002684,0.00350811,0.010139,0.617419,0.368665,1.38
0.000261433,0.00345536,0.00997251,0.617593,0.368718,1.385
0.000254647,0.00340341,0.00980869,0.617763,0.36877,1.39
0.000248037,0.00335224,0.00964749,0.617931,0.368821,1.395
0.000241599,0.00330183,0.00948888,0.618096,0.368872,1.4
0.000235328,0.00325219,0.00933282,0.618258,0.368921,1.405
0.000229219,0.00320329,0.00917927,0.618418,0.36897,1.41
0.00022327,0.00315512,0.00902818,0.618575,0.369018,1.415
0.000217474,0.00310768,0.00887953,0.61873,0.369066,1.42
0.000211829,0.00306096,0.00873326,0.618881,0.369112,1.425
0.000206331,0.00301493,0.00858936,0.619031,0.369159,1.43
0.000200975,0.0029696,0.00844777,0.619178,0.369204,1.435
0.000195758,0.00292495,0.00830847,0.619322,0.369248,1.44
0.000190677,0.00288097,0.00817141,0.619464,0.369292,1.445
0.000185727,0.00283765,0.00803657,0.619604,0.369336,1.45
0.000180906,0.00279499,0.00790391,0.619742,0.369378,1.455
0.000176211,0.00275296,0.00777339,0.619877,0.36942,1.46
0.000171637,0.00271157,0.00764499,0.62001,0.369462,1.465
0.000167181,0.0026708,0.00751866,0.620141,0.369503,1.47
0.000162842,0.00263064,0.00739438,0.620269,0.369543,1.475
0.000158615,0.00259109,0.00727211,0.620396,0.369582,1.48
0.000154498,0.00255213,0.00715182,0.62052,0.369621,1.485
0.000150487,0.00251376,0.00703349,0.620643,0.36966,1.49
0.000146581,0.00247596,0.00691707,0.620763,0.369697,1.495
0.000142776,0.00243873,0.00680255,0.620881,0.369735,1.5
0.00013907,0.00240206,0.00668988,0.620998,0.369771,1.505
0.00013546,0.00236595,0.00657905,0.621112,0.369807,1.51
0.000131944,0.00233037,0.00647002,0.621225,0.369843,1.515
0.000128519,0.00229533,0.00636277,0.621335,0.369878,1.52
0.000125183,0.00226082,0.00625726,0.621444,0.369913,1.525
0.000121934,0.00222683,0.00615347,0.621551,0.369947,1.53
0.000118769,0.00219335,0.00605137,0.621656,0.36998,1.535
0.000115686,0.00216037,0.00595093,0.62176,0.370013,1.54
0.000112683,0.00212788,0.00585214,0.621862,0.370046,1.545
0.000109758,0.00209589,0.00575495,0.621962,0.370078,1.55
0.000106909,0.00206438,0.00565936,0.62206,0.370109,1.555
0.000104134,0.00203334,0.00556532,0.622157,0.37014,1.56
0.000101431,0.00200276,0.00547282,0.622252,0.370171,1.565
9.87982e-005,0.00197265,0.00538183,0.622346,0.370201,1.57
9.62337e-005,0.00194299,0.00529234,0.622438,0.37023,1.575
9.37357e-005,0.00191378,0.0052043,0.622529,0.37026,1.58
9.13026e-005,0.001885,0.00511771,0.622618,0.370288,1.585
8.89327e-005,0.00185666,0.00503254,0.622705,0.370317,1.59
8.66242e-005,0.00182874,0.00494876,0.622791,0.370345,1.595
8.43757e-005,0.00180124,0.00486635,0.622876,0.370372,1.6
8.21856e-005,0.00177416,0.0047853,0.622959,0.370399,1.605
8.00523e-005,0.00174749,0.00470558,0.623041,0.370426,1.61
7.79743e-005,0.00172121,0.00462716,0.623121,0.370452,1.615
7.59503e-005,0.00169533,0.00455003,0.623201,0.370478,1.62
7.39789e-005,0.00166984,0.00447417,0.623278,0.370504,1.625
7.20586e-005,0.00164473,0.00439956,0.623355,0.370529,1.63
7.01882e-005,0.00162,0.00432617,0.62343,0.370553,1.635
6.83663e-005,0.00159564,0.00425399,0.623504,0.370578,1.64
6.65917e-005,0.00157165,0.004183,0.623577,0.370602,1.645
6.48631e-005,0.00154802,0.00411318,0.623649,0.370625,1.65
6.31795e-005,0.00152475,0.0040445,0.623719,0.370649,1.655
6.15395e-005,0.00150182,0.00397696,0.623788,0.370672,1.66
5.99421e-005,0.00147924,0.00391053,0.623856,0.370694,1.665
5.83862e-005,0.001457,0.00384519,0.623923,0.370716,1.67
5.68707e-005,0.00143509,0.00378093,0.623989,0.370738,1.675
5.53945e-005,0.00141351,0.00371773,0.624053,0.37076,1.68
5.39566e-005,0.00139226,0.00365558,0.624117,0.370781,1.685
5.2556e-005,0.00137133,0.00359445,0.62418,0.370802,1.69
5.11918e-005,0.00135071,0.00353433,0.624241,0.370823,1.695
4.9863e-005,0.0013304,0.0034752,0.624301,0.370843,1.7
4.85687e-005,0.00131039,0.00341705,0.624361,0.370863,1.705
4.7308e-005,0.00129069,0.00335986,0.624419,0.370883,1.71
4.608e-005,0.00127128,0.00330362,0.624477,0.370902,1.715
4.48839e-005,0.00125217,0.00324831,0.624533,0.370921,1.72
4.37189e-005,0.00123334,0.00319391,0.624589,0.37094,1.725
4.2584e-005,0.0012148,0.00314041,0.624644,0.370959,1.73
4.14787e-005,0.00119653,0.0030878,0.624697,0.370977,1.735
4.0402e-005,0.00117854,0.00303606,0.62475,0.370995,1.74
3.93533e-005,0.00116082,0.00298518,0.624802,0.371013,1.745
3.83318e-005,0.00114337,0.00293514,0.624853,0.37103,1.75
3.73368e-005,0.00112618,0.00288593,0.624903,0.371047,1.755
3.63676e-005,0.00110924,0.00283753,0.624953,0.371064,1.76
3.54236e-005,0.00109256,0.00278994,0.625001,0.371081,1.765
3.45041e-005,0.00107614,0.00274314,0.625049,0.371097,1.77
3.36085e-005,0.00105996,0.00269711,0.625096,0.371113,1.775
3.27361e-005,0.00104402,0.00265185,0.625142,0.371129,1.78
3.18864e-005,0.00102832,0.00260734,0.625187,0.371145,1.785
3.10587e-005,0.00101286,0.00256357,0.625232,0.371161,1.79
3.02525e-005,0.000997631,0.00252053,0.625276,0.371176,1.795
2.94673e-005,0.00098263,0.0024782,0.625319,0.371191,1.8
2.87024e-005,0.000967856,0.00243658,0.625361,0.371206,1.805
2.79573e-005,0.000953303,0.00239564,0.625403,0.37122,1.81
2.72316e-005,0.00093897,0.00235539,0.625444,0.371234,1.815
2.65248e-005,0.000924851,0.00231581,0.625484,0.371249,1.82
2.58363e-005,0.000910946,0.00227689,0.625524,0.371262,1.825
2.51656e-005,0.000897249,0.00223861,0.625563,0.371276,1.83
2.45124e-005,0.000883758,0.00220098,0.625601,0.37129,1.835
2.38761e-005,0.00087047,0.00216397,0.625639,0.371303,1.84
2.32564e-005,0.000857382,0.00212757,0.625676,0.371316,1.845
2.26527e-005,0.00084449,0.00209179,0.625712,0.371329,1.85
2.20647e-005,0.000831793,0.00205659,0.625748,0.371342,1.855
2.1492e-005,0.000819286,0.00202199,0.625783,0.371354,1.86
2.09341e-005,0.000806967,0.00198796,0.625818,0.371366,1.865
2.03907e-005,0.000794834,0.0019545,0.625852,0.371379,1.87
1.98614e-005,0.000782883,0.0019216,0.625885,0.371391,1.875
1.93459e-005,0.000771112,0.00188925,0.625918,0.371402,1.88
1.88437e-005,0.000759517,0.00185744,0.62595,0.371414,1.885
1.83546e-005,0.000748097,0.00182616,0.625982,0.371425,1.89
1.78782e-005,0.000736849,0.0017954,0.626013,0.371437,1.895
1.74141e-005,0.00072577,0.00176515,0.626044,0.371448,1.9
1.69621e-005,0.000714857,0.00173541,0.626074,0.371459,1.905
1.65218e-005,0.000704109,0.00170617,0.626104,0.371469,1.91
1.60929e-005,0.000693522,0.00167742,0.626133,0.37148,1.915
1.56752e-005,0.000683094,0.00164914,0.626162,0.37149,1.92
1.52683e-005,0.000672824,0.00162134,0.62619,0.371501,1.925
1.4872e-005,0.000662707,0.00159401,0.626218,0.371511,1.93
1.4486e-005,0.000652743,0.00156713,0.626245,0.371521,1.935
1.41099e-005,0.000642928,0.0015407,0.626272,0.371531,1.94
1.37437e-005,0.000633261,0.00151472,0.626298,0.37154,1.945
1.33869e-005,0.00062374,0.00148916,0.626324,0.37155,1.95
1.30395e-005,0.000614361,0.00146404,0.626349,0.371559,1.955
1.2701e-005,0.000605124,0.00143934,0.626375,0.371568,1.96
1.23713e-005,0.000596025,0.00141505,0.626399,0.371577,1.965
1.20502e-005,0.000587064,0.00139117,0.626423,0.371586,1.97
1.17374e-005,0.000578237,0.00136769,0.626447,0.371595,1.975
1.14327e-005,0.000569542,0.0013446,0.626471,0.371604,1.98
1.1136e-005,0.000560979,0.0013219,0.626494,0.371612,1.985
1.08469e-005,0.000552544,0.00129958,0.626516,0.371621,1.99
1.05653e-005,0.000544236,0.00127763,0.626538,0.371629,1.995
1.02911e-005,0.000536053,0.00125605,0.62656,0.371637,2
1.0024e-005,0.000527993,0.00123483,0.626582,0.371645,2.005
9.76378e-006,0.000520054,0.00121397,0.626603,0.371653,2.01
9.51034e-006,0.000512235,0.00119346,0.626624,0.371661,2.015
9.26348e-006,0.000504533,0.0011733,0.626644,0.371669,2.02
9.02302e-006,0.000496947,0.00115347,0.626664,0.371676,2.025
8.78881e-006,0.000489475,0.00113398,0.626684,0.371684,2.03
8.56068e-006,0.000482115,0.00111481,0.626703,0.371691,2.035
8.33847e-006,0.000474866,0.00109596,0.626722,0.371699,2.04
8.12203e-006,0.000467726,0.00107744,0.626741,0.371706,2.045
7.9112e-006,0.000460694,0.00105922,0.626759,0.371713,2.05
7.70585e-006,0.000453767,0.00104131,0.626778,0.37172,2.055
7.50583e-006,0.000446944,0.0010237,0.626795,0.371726,2.06
7.311e-006,0.000440224,0.00100638,0.626813,0.371733,2.065
7.12122e-006,0.000433605,0.000989359,0.62683,0.37174,2.07
6.93638e-006,0.000427085,0.000972622,0.626847,0.371746,2.075
6.75633e-006,0.000420663,0.000956167,0.626864,0.371753,2.08
6.58095e-006,0.000414338,0.000939988,0.62688,0.371759,2.085
6.41013e-006,0.000408109,0.000924082,0.626896,0.371765,2.09
6.24374e-006,0.000401972,0.000908443,0.626912,0.371771,2.095
6.08167e-006,0.000395928,0.000893068,0.626927,0.371778,2.1
5.92381e-006,0.000389975,0.000877951,0.626943,0.371783,2.105
5.77004e-006,0.000384112,0.000863089,0.626958,0.371789,2.11
5.62027e-006,0.000378336,0.000848476,0.626972,0.371795,2.115
5.47438e-006,0.000372648,0.00083411,0.626987,0.371801,2.12
5.33228e-006,0.000367045,0.000819986,0.627001,0.371806,2.125
5.19387e-006,0.000361526,0.0008061,0.627015,0.371812,2.13
5.05905e-006,0.00035609,0.000792448,0.627029,0.371817,2.135
4.92774e-006,0.000350736,0.000779025,0.627043,0.371823,2.14
4.79983e-006,0.000345462,0.000765829,0.627056,0.371828,2.145
4.67524e-006,0.000340268,0.000752856,0.627069,0.371833,2.15
4.55388e-006,0.000335152,0.0007401,0.627082,0.371838,2.155
4.43567e-006,0.000330112,0.00072756,0.627095,0.371843,2.16
4.32054e-006,0.000325149,0.000715232,0.627107,0.371848,2.165
4.20839e-006,0.00032026,0.000703111,0.627119,0.371853,2.17
4.09915e-006,0.000315445,0.000691195,0.627131,0.371858,2.175
3.99275e-006,0.000310702,0.000679479,0.627143,0.371863,2.18
3.88911e-006,0.00030603,0.000667961,0.627155,0.371867,2.185
3.78816e-006,0.000301429,0.000656638,0.627166,0.371872,2.19
3.68983e-006,0.000296896,0.000645506,0.627177,0.371877,2.195
3.59405e-006,0.000292432,0.000634561,0.627188,0.371881,2.2
3.50076e-006,0.000288035,0.000623801,0.627199,0.371885,2.205
3.40989e-006,0.000283704,0.000613223,0.62721,0.37189,2.21
3.32138e-006,0.000279439,0.000602823,0.62722,0.371894,2.215
3.23516e-006,0.000275237,0.000592599,0.627231,0.371898,2.22
3.15119e-006,0.000271099,0.000582548,0.627241,0.371902,2.225
3.06939e-006,0.000267023,0.000572666,0.627251,0.371906,2.23
2.98972e-006,0.000263008,0.000562951,0.627261,0.37191,2.235
2.91211e-006,0.000259053,0.000553401,0.62727,0.371914,2.24
2.83652e-006,0.000255158,0.000544011,0.62728,0.371918,2.245
2.7629e-006,0.000251322,0.000534781,0.627289,0.371922,2.25
2.69118e-006,0.000247543,0.000525706,0.627298,0.371926,2.255
2.62132e-006,0.000243821,0.000516785,0.627307,0.37193,2.26
2.55328e-006,0.000240155,0.000508014,0.627316,0.371933,2.265
2.48701e-006,0.000236544,0.000499392,0.627325,0.371937,2.27
2.42245e-006,0.000232987,0.000490915,0.627333,0.37194,2.275
2.35957e-006,0.000229484,0.000482582,0.627342,0.371944,2.28
2.29832e-006,0.000226033,0.000474389,0.62735,0.371947,2.285
2.23866e-006,0.000222635,0.000466335,0.627358,0.371951,2.29
2.18056e-006,0.000219287,0.000458418,0.627366,0.371954,2.295
2.12395e-006,0.00021599,0.000450634,0.627374,0.371957,2.3
2.06882e-006,0.000212743,0.000442982,0.627382,0.371961,2.305
2.01512e-006,0.000209544,0.000435459,0.627389,0.371964,2.31
1.96281e-006,0.000206393,0.000428064,0.627397,0.371967,2.315
1.91187e-006,0.00020329,0.000420793,0.627404,0.37197,2.32
1.86224e-006,0.000200233,0.000413646,0.627411,0.371973,2.325
1.8139e-006,0.000197223,0.00040662,0.627418,0.371976,2.33
1.76682e-006,0.000194257,0.000399712,0.627425,0.371979,2.335
1.72096e-006,0.000191336,0.000392922,0.627432,0.371982,2.34
1.67628e-006,0.00018846,0.000386247,0.627439,0.371985,2.345
1.63277e-006,0.000185626,0.000379684,0.627445,0.371988,2.35
1.59039e-006,0.000182835,0.000373233,0.627452,0.371991,2.355
1.54911e-006,0.000180086,0.000366891,0.627458,0.371993,2.36
1.5089e-006,0.000177378,0.000360656,0.627464,0.371996,2.365
1.46973e-006,0.000174711,0.000354527,0.627471,0.371999,2.37
1.43158e-006,0.000172084,0.000348501,0.627477,0.372001,2.375
1.39442e-006,0.000169497,0.000342578,0.627483,0.372004,2.38
1.35823e-006,0.000166948,0.000336755,0.627488,0.372006,2.385
1.32297e-006,0.000164438,0.000331031,0.627494,0.372009,2.39
1.28863e-006,0.000161965,0.000325404,0.6275,0.372011,2.395
1.25518e-006,0.00015953,0.000319872,0.627505,0.372014,2.4
1.2226e-006,0.000157132,0.000314434,0.627511,0.372016,2.405
1.19086e-006,0.000154769,0.000309088,0.627516,0.372019,2.41
1.15995e-006,0.000152442,0.000303832,0.627522,0.372021,2.415
1.12984e-006,0.00015015,0.000298666,0.627527,0.372023,2.42
1.10052e-006,0.000147892,0.000293587,0.627532,0.372026,2.425
1.07195e-006,0.000145668,0.000288595,0.627537,0.372028,2.43
1.04413e-006,0.000143478,0.000283687,0.627542,0.37203,2.435
1.01702e-006,0.000141321,0.000278862,0.627547,0.372032,2.44
9.90624e-007,0.000139196,0.000274119,0.627551,0.372034,2.445
9.6491e-007,0.000137103,0.000269456,0.627556,0.372036,2.45
9.39864e-007,0.000135042,0.000264873,0.627561,0.372038,2.455
9.15468e-007,0.000133011,0.000260367,0.627565,0.37204,2.46
8.91705e-007,0.000131011,0.000255938,0.62757,0.372042,2.465
8.68558e-007,0.000129041,0.000251584,0.627574,0.372044,2.47
8.46013e-007,0.000127101,0.000247304,0.627578,0.372046,2.475
8.24053e-007,0.00012519,0.000243096,0.627583,0.372048,2.48
8.02663e-007,0.000123308,0.00023896,0.627587,0.37205,2.485
7.81828e-007,0.000121454,0.000234894,0.627591,0.372052,2.49
7.61534e-007,0.000119628,0.000230897,0.627595,0.372054,2.495
7.41767e-007,0.000117829,0.000226967,0.627599,0.372056,2.5
7.22513e-007,0.000116057,0.000223105,0.627603,0.372057,2.505
7.03758e-007,0.000114312,0.000219308,0.627607,0.372059,2.51
6.85491e-007,0.000112593,0.000215575,0.62761,0.372061,2.515
6.67697e-007,0.0001109,0.000211906,0.627614,0.372063,2.52
6.50366e-007,0.000109233,0.000208299,0.627618,0.372064,2.525
6.33484e-007,0.000107591,0.000204754,0.627621,0.372066,2.53
6.17041e-007,0.000105973,0.000201268,0.627625,0.372067,2.535
6.01024e-007,0.000104379,0.000197842,0.627628,0.372069,2.54
5.85423e-007,0.00010281,0.000194474,0.627632,0.372071,2.545
5.70227e-007,0.000101264,0.000191163,0.627635,0.372072,2.55
5.55426e-007,9.97416e-005,0.000187909,0.627638,0.372074,2.555
5.41008e-007,9.82419e-005,0.000184709,0.627641,0.372075,2.56
5.26965e-007,9.67648e-005,0.000181564,0.627644,0.372077,2.565
5.13287e-007,9.53098e-005,0.000178473,0.627648,0.372078,2.57
4.99963e-007,9.38768e-005,0.000175434,0.627651,0.37208,2.575
4.86986e-007,9.24653e-005,0.000172446,0.627654,0.372081,2.58
4.74345e-007,9.1075e-005,0.00016951,0.627657,0.372082,2.585
4.62032e-007,8.97056e-005,0.000166623,0.627659,0.372084,2.59
4.50039e-007,8.83568e-005,0.000163785,0.627662,0.372085,2.595
4.38358e-007,8.70283e-005,0.000160996,0.627665,0.372086,2.6
4.26979e-007,8.57197e-005,0.000158254,0.627668,0.372088,2.605
4.15896e-007,8.44309e-005,0.000155558,0.627671,0.372089,2.61
4.051e-007,8.31614e-005,0.000152908,0.627673,0.37209,2.615
3.94585e-007,8.1911e-005,0.000150304,0.627676,0.372092,2.62
3.84343e-007,8.06794e-005,0.000147744,0.627678,0.372093,2.625
3.74366e-007,7.94663e-005,0.000145227,0.627681,0.372094,2.63
3.64649e-007,7.82715e-005,0.000142753,0.627683,0.372095,2.635
3.55184e-007,7.70946e-005,0.000140321,0.627686,0.372096,2.64
3.45964e-007,7.59354e-005,0.00013793,0.627688,0.372098,2.645
3.36984e-007,7.47937e-005,0.00013558,0.627691,0.372099,2.65
3.28237e-007,7.36691e-005,0.00013327,0.627693,0.3721,2.655
3.19717e-007,7.25614e-005,0.000130999,0.627695,0.372101,2.66
3.11418e-007,7.14704e-005,0.000128767,0.627697,0.372102,2.665
3.03334e-007,7.03958e-005,0.000126573,0.6277,0.372103,2.67
2.9546e-007,6.93373e-005,0.000124416,0.627702,0.372104,2.675
2.87791e-007,6.82948e-005,0.000122296,0.627704,0.372105,2.68
2.80321e-007,6.72679e-005,0.000120212,0.627706,0.372106,2.685
2.73045e-007,6.62565e-005,0.000118163,0.627708,0.372107,2.69
2.65957e-007,6.52603e-005,0.000116149,0.62771,0.372108,2.695
2.59054e-007,6.4279e-005,0.00011417,0.627712,0.372109,2.7
2.52329e-007,6.33125e-005,0.000112224,0.627714,0.37211,2.705
2.4578e-007,6.23606e-005,0.000110311,0.627716,0.372111,2.71
2.394e-007,6.14229e-005,0.000108431,0.627718,0.372112,2.715
2.33186e-007,6.04994e-005,0.000106583,0.62772,0.372113,2.72
2.27133e-007,5.95897e-005,0.000104766,0.627722,0.372114,2.725
2.21237e-007,5.86937e-005,0.00010298,0.627723,0.372115,2.73
2.15494e-007,5.78112e-005,0.000101225,0.627725,0.372116,2.735
2.09901e-007,5.6942e-005,9.9499e-005,0.627727,0.372116,2.74
2.04452e-007,5.60858e-005,9.78027e-005,0.627729,0.372117,2.745
1.99145e-007,5.52425e-005,9.61354e-005,0.62773,0.372118,2.75
1.93976e-007,5.44119e-005,9.44964e-005,0.627732,0.372119,2.755
1.88941e-007,5.35938e-005,9.28853e-005,0.627733,0.37212,2.76
1.84037e-007,5.2788e-005,9.13016e-005,0.627735,0.372121,2.765
1.7926e-007,5.19943e-005,8.97449e-005,0.627737,0.372121,2.77
1.74607e-007,5.12125e-005,8.82147e-005,0.627738,0.372122,2.775
1.70074e-007,5.04425e-005,8.67105e-005,0.62774,0.372123,2.78
1.6566e-007,4.9684e-005,8.5232e-005,0.627741,0.372124,2.785
1.6136e-007,4.8937e-005,8.37786e-005,0.627743,0.372125,2.79
1.57171e-007,4.82012e-005,8.235e-005,0.627744,0.372125,2.795
1.53091e-007,4.74764e-005,8.09457e-005,0.627745,0.372126,2.8
1.49118e-007,4.67626e-005,7.95653e-005,0.627747,0.372127,2.805
1.45247e-007,4.60595e-005,7.82084e-005,0.627748,0.372127,2.81
1.41477e-007,4.53669e-005,7.68746e-005,0.62775,0.372128,2.815
1.37804e-007,4.46848e-005,7.55635e-005,0.627751,0.372129,2.82
1.34227e-007,4.40129e-005,7.42748e-005,0.627752,0.372129,2.825
1.30743e-007,4.33511e-005,7.3008e-005,0.627753,0.37213,2.83
1.27349e-007,4.26993e-005,7.17627e-005,0.627755,0.372131,2.835
1.24044e-007,4.20573e-005,7.05387e-005,0.627756,0.372131,2.84
1.20824e-007,4.14249e-005,6.93356e-005,0.627757,0.372132,2.845
1.17688e-007,4.08021e-005,6.81529e-005,0.627758,0.372133,2.85
1.14633e-007,4.01886e-005,6.69904e-005,0.627759,0.372133,2.855
1.11657e-007,3.95843e-005,6.58476e-005,0.627761,0.372134,2.86
1.08759e-007,3.89891e-005,6.47244e-005,0.627762,0.372134,2.865
1.05936e-007,3.84029e-005,6.36203e-005,0.627763,0.372135,2.87
1.03186e-007,3.78255e-005,6.25349e-005,0.627764,0.372136,2.875
1.00508e-007,3.72568e-005,6.14681e-005,0.627765,0.372136,2.88
9.78989e-008,3.66966e-005,6.04195e-005,0.627766,0.372137,2.885
9.53577e-008,3.61448e-005,5.93887e-005,0.627767,0.372137,2.89
9.28825e-008,3.56013e-005,5.83755e-005,0.627768,0.372138,2.895
9.04715e-008,3.5066e-005,5.73795e-005,0.627769,0.372138,2.9
8.81231e-008,3.45388e-005,5.64005e-005,0.62777,0.372139,2.905
8.58357e-008,3.40195e-005,5.54382e-005,0.627771,0.372139,2.91
8.36076e-008,3.3508e-005,5.44923e-005,0.627772,0.37214,2.915
8.14374e-008,3.30041e-005,5.35626e-005,0.627773,0.37214,2.92
7.93235e-008,3.25079e-005,5.26486e-005,0.627774,0.372141,2.925
7.72645e-008,3.20191e-005,5.17503e-005,0.627775,0.372141,2.93
7.5259e-008,3.15377e-005,5.08672e-005,0.627776,0.372142,2.935
7.33054e-008,3.10635e-005,4.99992e-005,0.627776,0.372142,2.94
7.14026e-008,3.05964e-005,4.9146e-005,0.627777,0.372143,2.945
6.95492e-008,3.01364e-005,4.83074e-005,0.627778,0.372143,2.95
6.77439e-008,2.96833e-005,4.7483e-005,0.627779,0.372144,2.955
6.59855e-008,2.92369e-005,4.66727e-005,0.62778,0.372144,2.96
6.42727e-008,2.87973e-005,4.58762e-005,0.627781,0.372145,2.965
6.26044e-008,2.83644e-005,4.50933e-005,0.627781,0.372145,2.97
6.09793e-008,2.79379e-005,4.43237e-005,0.627782,0.372146,2.975
5.93965e-008,2.75178e-005,4.35672e-005,0.627783,0.372146,2.98
5.78547e-008,2.7104e-005,4.28237e-005,0.627784,0.372146,2.985
5.6353e-008,2.66965e-005,4.20928e-005,0.627784,0.372147,2.99
5.48902e-008,2.62951e-005,4.13744e-005,0.627785,0.372147,2.995
5.34654e-008,2.58997e-005,4.06682e-005,0.627786,0.372148,3
5.20776e-008,2.55103e-005,3.9974e-005,0.627787,0.372148,3.005
5.07258e-008,2.51268e-005,3.92917e-005,0.627787,0.372148,3.01
4.94091e-008,2.4749e-005,3.86211e-005,0.627788,0.372149,3.015
4.81266e-008,2.43768e-005,3.79619e-005,0.627789,0.372149,3.02
4.68774e-008,2.40103e-005,3.73139e-005,0.627789,0.372149,3.025
4.56606e-008,2.36493e-005,3.66769e-005,0.62779,0.37215,3.03
4.44753e-008,2.32937e-005,3.60508e-005,0.62779,0.37215,3.035
4.33209e-008,2.29435e-005,3.54354e-005,0.627791,0.37215,3.04
4.21964e-008,2.25985e-005,3.48305e-005,0.627792,0.372151,3.045
4.11011e-008,2.22587e-005,3.4236e-005,0.627792,0.372151,3.05
4.00342e-008,2.1924e-005,3.36515e-005,0.627793,0.372152,3.055
3.89951e-008,2.15944e-005,3.3077e-005,0.627793,0.372152,3.06
3.79829e-008,2.12697e-005,3.25123e-005,0.627794,0.372152,3.065
3.69969e-008,2.09499e-005,3.19573e-005,0.627795,0.372152,3.07
3.60366e-008,2.06349e-005,3.14117e-005,0.627795,0.372153,3.075
3.51012e-008,2.03246e-005,3.08754e-005,0.627796,0.372153,3.08
3.41901e-008,2.0019e-005,3.03483e-005,0.627796,0.372153,3.085
3.33026e-008,1.9718e-005,2.98302e-005,0.627797,0.372154,3.09
3.24381e-008,1.94215e-005,2.93209e-005,0.627797,0.372154,3.095
3.15961e-008,1.91295e-005,2.88202e-005,0.627798,0.372154,3.1
3.0776e-008,1.88419e-005,2.83282e-005,0.627798,0.372155,3.105
2.99771e-008,1.85586e-005,2.78445e-005,0.627799,0.372155,3.11
2.9199e-008,1.82796e-005,2.73691e-005,0.627799,0.372155,3.115
2.84411e-008,1.80047e-005,2.69018e-005,0.6278,0.372155,3.12
2.77028e-008,1.7734e-005,2.64424e-005,0.6278,0.372156,3.125
2.69838e-008,1.74673e-005,2.59909e-005,0.627801,0.372156,3.13
2.62833e-008,1.72047e-005,2.55471e-005,0.627801,0.372156,3.135
2.56011e-008,1.6946e-005,2.51109e-005,0.627801,0.372156,3.14
2.49366e-008,1.66912e-005,2.46821e-005,0.627802,0.372157,3.145
2.42893e-008,1.64403e-005,2.42606e-005,0.627802,0.372157,3.15
2.36588e-008,1.61931e-005,2.38463e-005,0.627803,0.372157,3.155
2.30447e-008,1.59496e-005,2.34391e-005,0.627803,0.372157,3.16
2.24465e-008,1.57098e-005,2.30388e-005,0.627803,0.372158,3.165
2.18639e-008,1.54736e-005,2.26454e-005,0.627804,0.372158,3.17
2.12963e-008,1.52409e-005,2.22587e-005,0.627804,0.372158,3.175
2.07435e-008,1.50117e-005,2.18786e-005,0.627805,0.372158,3.18
2.02051e-008,1.4786e-005,2.15049e-005,0.627805,0.372159,3.185
1.96806e-008,1.45637e-005,2.11377e-005,0.627805,0.372159,3.19
1.91698e-008,1.43447e-005,2.07767e-005,0.627806,0.372159,3.195
1.86722e-008,1.41291e-005,2.04219e-005,0.627806,0.372159,3.2
1.81875e-008,1.39166e-005,2.00731e-005,0.627806,0.37216,3.205
1.77154e-008,1.37074e-005,1.97303e-005,0.627807,0.37216,3.21
1.72556e-008,1.35013e-005,1.93933e-005,0.627807,0.37216,3.215
1.68077e-008,1.32983e-005,1.90621e-005,0.627807,0.37216,3.22
1.63714e-008,1.30983e-005,1.87365e-005,0.627808,0.37216,3.225
1.59464e-008,1.29014e-005,1.84165e-005,0.627808,0.372161,3.23
1.55325e-008,1.27074e-005,1.81019e-005,0.627808,0.372161,3.235
1.51293e-008,1.25163e-005,1.77928e-005,0.627809,0.372161,3.24
1.47366e-008,1.23281e-005,1.74888e-005,0.627809,0.372161,3.245
1.43541e-008,1.21428e-005,1.71901e-005,0.627809,0.372161,3.25
1.39815e-008,1.19602e-005,1.68965e-005,0.62781,0.372161,3.255
1.36186e-008,1.17804e-005,1.66079e-005,0.62781,0.372162,3.26
1.32651e-008,1.16032e-005,1.63242e-005,0.62781,0.372162,3.265
1.29208e-008,1.14288e-005,1.60454e-005,0.627811,0.372162,3.27
1.25854e-008,1.12569e-005,1.57713e-005,0.627811,0.372162,3.275
1.22587e-008,1.10877e-005,1.55019e-005,0.627811,0.372162,3.28
1.19405e-008,1.0921e-005,1.52371e-005,0.627811,0.372163,3.285
1.16305e-008,1.07567e-005,1.49768e-005,0.627812,0.372163,3.29
1.13286e-008,1.0595e-005,1.4721e-005,0.627812,0.372163,3.295
1.10346e-008,1.04357e-005,1.44695e-005,0.627812,0.372163,3.3
1.07482e-008,1.02788e-005,1.42224e-005,0.627812,0.372163,3.305
1.04692e-008,1.01242e-005,1.39794e-005,0.627813,0.372163,3.31
1.01974e-008,9.97202e-006,1.37406e-005,0.627813,0.372163,3.315
9.93273e-009,9.82208e-006,1.35059e-005,0.627813,0.372164,3.32
9.6749e-009,9.6744e-006,1.32751e-005,0.627813,0.372164,3.325
9.42377e-009,9.52894e-006,1.30484e-005,0.627814,0.372164,3.33
9.17915e-009,9.38566e-006,1.28254e-005,0.627814,0.372164,3.335
8.94089e-009,9.24454e-006,1.26063e-005,0.627814,0.372164,3.34
8.70881e-009,9.10554e-006,1.2391e-005,0.627814,0.372164,3.345
8.48275e-009,8.96863e-006,1.21793e-005,0.627814,0.372164,3.35
8.26256e-009,8.83378e-006,1.19712e-005,0.627815,0.372165,3.355
8.04809e-009,8.70096e-006,1.17667e-005,0.627815,0.372165,3.36
7.83919e-009,8.57013e-006,1.15657e-005,0.627815,0.372165,3.365
7.6357e-009,8.44127e-006,1.13681e-005,0.627815,0.372165,3.37
7.4375e-009,8.31435e-006,1.11739e-005,0.627815,0.372165,3.375
7.24444e-009,8.18934e-006,1.0983e-005,0.627816,0.372165,3.38
7.0564e-009,8.06621e-006,1.07953e-005,0.627816,0.372165,3.385
6.87324e-009,7.94492e-006,1.06109e-005,0.627816,0.372165,3.39
6.69483e-009,7.82546e-006,1.04296e-005,0.627816,0.372166,3.395
6.52105e-009,7.7078e-006,1.02514e-005,0.627816,0.372166,3.4
6.35178e-009,7.59191e-006,1.00762e-005,0.627816,0.372166,3.405
6.1869e-009,7.47776e-006,9.90407e-006,0.627817,0.372166,3.41
6.02631e-009,7.36532e-006,9.73485e-006,0.627817,0.372166,3.415
5.86988e-009,7.25458e-006,9.56851e-006,0.627817,0.372166,3.42
5.71752e-009,7.1455e-006,9.40502e-006,0.627817,0.372166,3.425
5.56911e-009,7.03806e-006,9.24433e-006,0.627817,0.372166,3.43
5.42455e-009,6.93224e-006,9.08637e-006,0.627817,0.372167,3.435
5.28374e-009,6.82801e-006,8.93112e-006,0.627818,0.372167,3.44
5.14659e-009,6.72534e-006,8.77851e-006,0.627818,0.372167,3.445
5.013e-009,6.62422e-006,8.62851e-006,0.627818,0.372167,3.45
4.88288e-009,6.52462e-006,8.48108e-006,0.627818,0.372167,3.455
4.75613e-009,6.42652e-006,8.33616e-006,0.627818,0.372167,3.46
4.63268e-009,6.32989e-006,8.19372e-006,0.627818,0.372167,3.465
4.51243e-009,6.23472e-006,8.05371e-006,0.627819,0.372167,3.47
4.3953e-009,6.14097e-006,7.91609e-006,0.627819,0.372167,3.475
4.28121e-009,6.04864e-006,7.78082e-006,0.627819,0.372167,3.48
4.17008e-009,5.95769e-006,7.64786e-006,0.627819,0.372167,3.485
